1.2784,923.53,933.76,921.89,1027.6,754.74,711.57,969.82,930.09,954.67,1035.7,722.32,638.08
1.4248,925.42,971.68,924.39,1091.1,790.04,738.57,951.06,964.08,939.69,1089.7,737.02,643.07
2.107,927.81,904.5,937.88,1044.8,774.31,690.17,993.25,890.3,980.53,1036.4,742.35,622.43
1.1311,967.83,935.35,868.62,1017.2,705.83,714.26,994.03,936.82,923.63,1031.5,689.34,643.12
1.3232,890.25,953.06,918.69,1053.4,751.5,713.93,947.33,958.98,959.57,1060.5,711.72,652.39
0.9915,915.87,937.72,932.9,1009.3,727.61,685.26,979.89,928.95,984.19,1032.9,706.03,610.5
2.2868,903.38,919,868.85,940.25,712.42,656.08,898.47,901.8,928.04,944.55,706.22,601.86
1.7545,941.45,960.54,963.99,1052.7,764.12,705.56,985.29,944.29,994.55,1058.1,729.9,658.85
2.0483,866.59,928.8,857.29,891.85,713.96,661.12,898.28,936.08,902.87,910.46,686.21,588.98
1.4346,943.71,936.86,950.95,1035.4,788.84,707.35,984.97,938.23,999.76,1050.7,753.01,653.48
1.7927,900.42,953.68,935.66,1041.7,752.03,724.12,977.02,970.69,973.74,1056.8,721.73,655.58
1.4538,891.42,957.11,948.56,1037.9,759.07,725.15,940.69,951.68,1008.1,1057.8,736.98,661.21
1.7254,941.75,943.56,917.13,1052.5,739.36,696.65,958.19,930.04,950.75,1057.6,717.43,641.73
2.6273,858.56,906.78,920.7,963.75,752.66,681.18,917.33,917.43,968.51,992.6,715.25,631.22
1.4509,913.51,939.62,945.52,1047.9,779.56,717.8,976.36,939.22,977.54,1059.1,750.46,659.01
1.8099,828.73,927.68,920.35,1013.1,766.57,645.25,927.35,937.41,974.32,1037.4,748.53,608.48
1.7172,837.47,932.53,827.93,965.88,739.32,648.58,878.99,900.89,863.43,967.71,717.82,576.63
1.4675,882.79,916.18,890.61,933.94,760.84,663.97,944.94,958.84,967.15,1005.3,752.14,624.83
1.4972,913.75,953.95,954.65,1028.6,766.69,717.48,945.89,928.57,984.96,1046,718.6,655.87
1.5693,924.28,952.45,917.4,1048.7,759.63,701.27,934.99,941.35,945.53,1040.9,733.68,629.56
1.6471,924.86,953.25,911.27,1044.4,778,711.45,940.94,929.13,944.76,1048.3,763.9,647.93
1.6162,918.4,944.41,906.48,1026.4,742.98,701.79,949.64,957.36,932.52,1030.3,708.22,631.69
1.6173,937.7,940.86,921.22,1021.2,786.24,705.78,964.34,923.88,953.81,1011.9,749,637.2
1.5208,911.54,941.37,944.75,1052.2,778.5,716.52,953.59,954.87,977.81,1057.7,733.19,642.21
1.7972,916.06,938.64,929.42,1052.7,773.72,730.9,960.79,947.46,961.42,1059.6,727.76,662.26
1.9817,926,943,912.37,1053.6,733.48,698.55,966.82,950.19,957.04,1057.9,716.24,633.18
1.6481,928.05,961.85,935.13,1026.6,760.89,697.87,960.03,966.88,951.12,1022.9,726.22,629.5
0.67395,910.23,915.29,889.17,975.64,730.05,663.19,876.33,908.31,877.15,986.95,700.29,603.31
1.1831,918.84,935.14,894.75,1010,750.74,705.04,947.87,948.2,940.02,1023.2,730.07,654.3
2.051,904.13,967.07,909.84,1058.5,753.99,715.83,946.51,959.11,951.57,1059,719.08,660.85
1.2279,925.82,932.39,839.86,972.28,721.82,640.89,967.41,907.49,923.59,1000.7,696.55,598.81
1.6394,931.85,920.4,903.28,974.42,710.29,637.64,957.37,921.05,958.66,983.33,673.83,580.8
1.2238,904.43,903.37,906.53,958.79,749.89,664.29,935.08,901.51,975.7,1003.5,737.67,628.37
1.726,892.95,909.75,868.83,1010.9,766.61,677.5,946.45,904.52,918.99,1031.1,726.92,628.2
2.2837,904.82,952.7,924.42,1059.9,710.57,722.68,954.99,933.13,964.67,1064.1,671.26,663.68
1.8227,898.09,955.69,919.27,1073.2,763.2,694.56,946.86,946.03,945.1,1070.8,743.37,626.42
1.3049,935.73,912.67,984.59,1013.7,755.33,656.32,973.84,914.54,1014.1,1027.2,723.35,617.95
1.6073,925.35,967.94,887.48,1019.8,734.97,629.94,956.64,936.54,950.09,1045.6,718.13,617.91
0.73168,930.01,963.76,933.88,1054,750.35,744.24,941.18,951.5,959.52,1059.9,710.22,668.62
0.68028,903.67,991.05,935.19,1040.2,752.42,717.76,944.88,979.89,977.51,1047.1,732.6,653.69
1.7422,937.59,934.84,921.3,1013.2,763.65,705.65,980.61,916.28,972.58,1013.3,723.34,640.7
1.8337,919.6,957.19,911.03,1050.5,747.57,736.22,959.06,952.58,959.2,1057.2,740.76,659.23
1.8217,927.68,919.4,902.57,1035.6,736.46,719.22,950.8,937.81,926.31,1048.3,691.34,655.73
0.89983,946.03,976.23,920.61,1083.4,745.01,730.21,978.74,967.85,968.16,1091.3,726.26,666.27
1.6847,936.77,922.56,925.22,1065.7,773.89,731.7,971,910.26,951.17,1069.9,725.72,648.02
1.9824,917.07,946.62,934.43,1066.3,740.69,698.14,964.13,940.55,981.63,1073.9,719.27,658.54
2.0119,919.82,921.91,940.22,1075,768.06,728.11,966.67,926.48,968.52,1096.6,731.82,660.84
1.6886,922.96,940.58,923.04,1034.7,731.52,703.39,964.12,934.78,944.44,1056.5,689.03,645.41
2.3165,915.32,910.54,907.05,970.98,742.68,663.12,974.97,911.06,983.95,1017.4,727.51,629.9
2.0641,954.33,942.2,938.61,1090.5,775.44,734.78,1003.8,943.09,970.62,1088.7,713.74,653.81
2.2079,860.67,913.28,894.23,996.35,737.73,647.06,897.69,912.51,931.42,1004.7,697.38,590.36
1.2602,941.62,925.89,873.15,998.78,754.68,669.88,982.34,915.83,934.92,1029.7,732.95,604.56
1.8142,911.55,948.67,945.76,1022.7,775.83,720.11,952.23,951.71,973.81,1036.9,742.75,660.61
1.9492,921.66,969.78,908.67,1034.2,760.13,685.2,974.41,943.92,970.11,1054.4,729.72,628.96
1.2602,920.83,922.76,863.93,965.33,707.45,644.83,950.43,932.22,881.88,985.66,687.37,596.08
2.1228,909.84,949.45,907.94,1020.5,756.23,685.97,946.53,922.92,949.96,1021.2,726.94,643.6
1.6788,908.86,960.66,928.06,1088.5,743.56,718.37,950.49,983,957.19,1086.5,713.47,645.33
1.7506,925.05,934.68,913.47,1033.6,772.24,742.82,969.57,931.02,959.69,1045.6,726.45,665.22
1.195,979.97,910.11,930.94,992.43,735.44,689.7,969.15,899.29,949.27,996.4,708.95,609.91
1.0808,943.41,933.66,941.36,1061,756.8,699.88,998.67,925.88,978.91,1076.2,720.13,628.75
1.9398,854.87,947.83,837.4,970.47,723.53,654.48,882.73,934.23,877.36,1005.5,689.37,588.23
2.104,942.54,950.05,932.73,1062.2,745.81,725.53,991.34,949.96,949.85,1066.4,704.81,652
2.1359,938.09,953.5,932.69,1012.7,733.52,697.82,978.19,944.01,984.11,1025.2,708.66,639.86
2.074,889.65,927.88,893.45,959.8,743.66,689.88,921,911.37,932.31,1009,693.65,638.85
1.6609,925.08,949.04,943.38,1019,781.08,681.43,949.88,927.06,981.3,1017.5,740.73,640.2
1.9976,935.8,935.79,889.78,980.15,719.61,685.71,950.74,940.53,909.1,989.33,673.76,644.8
1.8601,943.41,957.02,949.62,1078,772.27,690.19,988.77,947.18,996.91,1093.6,737.26,637.84
1.627,940.08,940.62,913.27,1068.7,765.66,724.92,969.74,935.97,941.1,1078.7,742.51,648.9
1.9199,866.6,903.85,879.18,923.84,714.42,648.68,906.99,912.34,930.64,941.62,698.03,602.93
1.1175,955.84,971.94,946.65,1059.2,763.19,711.28,997.53,955.74,981.96,1063.2,730.11,647.05
2.1651,902.55,970.51,903.69,1034.6,771.33,674.68,948.44,972.49,946.75,1052.8,740.04,620.58
2.3244,856.45,892.26,875.09,1000,733.3,660.71,960.99,933.26,926.2,1041.2,693.37,614.79
1.4192,873.62,926.21,826.92,948.44,728.81,646.29,933.27,925.24,900.3,982.07,705.67,587.23
1.7873,920,956.58,934.19,1047,740.63,698.17,968.18,966.24,965.95,1069.3,711.65,643.97
0.88084,943.9,950.73,921.62,1058,732.55,714.78,994.5,959.3,968,1077.2,720.79,641.68
1.0849,880.27,1004.9,909.36,1035.5,775.32,693.78,918.32,987.46,957.22,1064.8,765.87,650.16
1.1959,931.91,958.89,930.94,1023.9,757.51,729.55,970.16,956.42,958.72,1048.7,727.86,657.87
1.6807,975.75,935.94,940.08,987.52,763.19,664.02,964.39,900.96,965.6,980.1,718.5,598.09
2.2983,859.17,855.07,858.09,974.31,750.95,685.76,872.19,900.43,908.83,1004,722.93,639.3
1.7253,908.58,1007.6,840.38,940.38,729.98,653.27,925.67,989.68,887.07,962.07,708.26,604.9
1.8155,925.65,957.98,928.52,1019.2,748.32,678.43,973.78,928.17,964.2,1027.5,709.04,623.32
2.2443,914.34,962.85,915.09,1037.5,740.2,723.96,939.33,945.82,943.12,1037,717.39,656.35
0.7894,929.05,972.13,924.3,1068.7,764.97,708.33,979.61,967.34,945.58,1072.9,721.84,636.57
1.7701,939.59,946.38,915.71,1063.5,772.6,685.93,980.8,924.87,938.64,1063.3,731.98,622.04
1.7922,905.67,945.64,953.46,1079.1,778.01,735.81,960.74,946.33,989.66,1092.2,752.33,677.23
1.1427,946.54,955.26,972.59,1065.9,747.32,755.29,1000.4,955.77,1011.5,1074.2,706.26,669.94
2.3872,937.24,917.33,894.66,1014.4,744.99,637.76,957.45,941.17,947.31,1039.9,700.51,599.95
1.6465,940.52,922.48,967.96,1023.5,772.46,699.07,978.99,945.54,992.75,1051.4,763.2,662.88
2.0509,927.78,876.24,907.72,1018,719.79,657.08,957.34,888.63,934.4,1020.6,687.11,623.6
1.8029,930.9,940.78,934.83,1065.7,765.71,704.88,949.68,946.16,968.14,1069.3,721.61,645.39
1.6906,945.61,969.58,910.78,1049.6,743.91,706.24,977.62,953.07,947.87,1068.1,721.75,649.31
2.1276,925.51,931.6,908.09,1033.4,779.09,674.75,980.07,900.24,939.16,1024.6,737.54,618.05
1.8165,891.69,928.52,909.6,980.5,755.05,681.55,926.57,935.79,953.77,999.08,718.7,606.61
1.4995,940.67,966.52,909.4,1068.5,772.1,721.49,973.92,978.22,937.16,1075.2,739.7,661.39
1.814,905.64,945.64,885.33,1017.6,734.63,657.01,941.85,910.22,939.39,1018.4,724.98,598.46
1.6007,939.99,955.02,932.88,1033.5,781.14,681.75,966.39,930.81,987.26,1051.4,746.77,615.36
1.7265,839.94,896.57,908.45,926.02,736.2,689.83,810.81,874.18,959.01,940.04,729.97,627
2.105,873.75,908.35,909.42,993.81,740.36,651.1,951.24,908.19,977.86,999.37,713.16,586.13
1.6445,862.53,931.58,887.93,990.68,752.5,650.98,909.68,916.22,946.63,994.05,721.21,617.52
1.5215,921.99,960.77,950.65,1061,773.97,703.1,954.6,971.43,981.98,1061.9,721.12,639.76
1.2336,956.09,964.23,951.08,1062.9,744.47,708.74,997.29,969.43,984.61,1063.2,709.54,631.49
1.9661,918.98,939.48,917.36,1055.9,753.35,728.08,970.54,954.62,960.3,1074.4,711.63,654.26
1.713,876.26,925.51,900.46,957.65,738.44,665.33,898.64,921.28,965.66,992.37,721.33,601.31
1.8818,919.42,973.58,919.38,1026.5,732.74,701.83,968.58,957.01,946.31,1041.4,705.1,630.1
2.1807,733.23,899.64,912.73,963.58,798.21,659.88,861.51,922.71,972.7,985.32,772.83,620.46
1.888,912.35,944.75,936.82,1060.2,785.23,719.25,955.32,929.05,989.17,1086.8,751.59,676.95
2.1082,915.22,942.34,897.73,1049,760.4,715.36,933.01,943.41,936.31,1055.1,733.07,658.23
1.6585,845.53,914.12,925.13,1035.5,791.43,719.97,929.52,900.95,997.42,1072.5,757.42,664.54
1.86,896.7,894.96,867.18,979.4,723.05,644.83,935.72,899.43,907.26,1012.3,699.78,588.27
1.8331,947.89,943.87,981.74,1044.5,778.04,697.33,955.15,918.97,1000.2,1036.3,730.11,611.97
2.2758,914.75,890.46,895.29,983.28,739.25,665.1,915.14,885.02,955.09,965.65,710.03,604.16
2.0349,898.86,960.95,915.96,1055.5,730.2,695.05,950.24,966.85,945.22,1074.6,690.21,637.19
1.9565,913.85,930.64,896.59,1020.4,758.11,684.95,941.61,920.3,955.25,1034.1,715.83,616.21
1.3198,828.19,905.63,908.82,928.31,728.67,634.71,913.13,874.07,979.04,994.09,722.77,591.91
1.8844,905.25,939.76,936.45,1059,757.49,690.1,974.81,958.27,998.14,1066.6,719.01,625.83
2.7216,861.14,900.96,909.28,922.78,710.83,656.09,871.57,925.5,933.68,981.95,677.91,583.58
1.1638,917.19,940.41,951.83,1069.2,765.13,719.87,948.25,938.42,972.46,1068.3,733.68,666.19
2.2186,967.98,922.08,903.36,1013.3,740.24,650.77,994.99,898.95,951.79,1011.2,713.96,619.08
1.4102,945.71,959.92,929.92,1057.3,753.89,702.08,1000.4,934.96,967.99,1077.2,711.25,658.64
1.8894,884.58,918.57,905.42,1006.2,734.78,658.82,930.8,925.81,967.35,1024,711.5,591.42
0.76684,957.25,961.63,924.7,1027.1,765.35,708.61,969.05,946.69,944.69,1042.7,716.79,634.41
1.4256,804.53,923.08,862.01,861.53,725.84,661.37,812.65,918.03,915.72,909.01,696.32,612.53
1.2496,931.82,933.27,941.26,1060.2,760.1,707.27,948.24,935.82,962.05,1073.6,751.29,662.09
2.1996,941.35,957.41,926.63,1074.1,757.88,723.69,972.64,955.62,959.51,1078.9,727.13,643
1.6407,942.02,960.39,932.44,1071.6,767.02,704.6,960.85,960.56,976.08,1058.2,732.7,640.41
0.90653,908.46,973.52,929.3,1000.7,734.41,672.08,964.19,941.17,994.31,1007.1,731.73,631.63
1.8373,965.15,968.16,932.65,998.6,764.61,659.51,1001.7,978.47,972.71,1022.1,725.11,618.66
1.9511,913.61,940.77,945.16,1015.1,773.36,686.36,951.66,936.83,979.54,1009.5,744.69,630.87
1.7606,916.22,955.76,923.35,1051.4,734.97,713.38,936.41,972.95,947.09,1071.9,695.87,662.42
2.1222,898.89,949.17,896.25,1009.8,734.18,690.23,926.94,942.72,954.1,1026.3,709.07,626.06
1.1581,936.21,971.74,868.03,1031.8,775.82,727.64,995.06,960.4,916.13,1043.5,723.71,647.66
2.0013,918.99,957.54,942.3,1042.5,733.99,699.94,966.91,951.46,977.65,1051,693.97,648.74
1.3368,939.91,984.05,911.68,1065.8,721.05,719.1,976.65,954.11,973.17,1088.3,685.41,664.66
2.0751,935.15,934.73,931.77,1029.2,774.71,648.62,987.41,923.1,986.4,1044.4,735.92,600.42
1.6341,975.2,952.82,926.83,1038.8,754.12,663.75,1002.7,958.08,968.43,1041,735.42,618.73
1.1656,935.1,940.62,937.63,1053.3,744,686.39,968.28,930.73,981.26,1055.3,716.04,617.79
1.7663,937.95,955.56,917.15,995.34,742.89,696.05,961.94,915.22,972.47,1006.4,715.72,638.39
1.1961,933.38,963.4,921.1,1072.3,772.33,713.26,986.6,957.56,961.51,1081.8,749.2,646.24
1.1691,892.37,952.1,936.41,996.84,737.35,629.97,915.65,891.37,970.34,986.02,713.16,573.92
1.41,943.27,953.87,930.07,1045.5,758.12,707.79,962.33,935.3,962.13,1036.7,734.33,648.78
1.1993,871.13,928.84,928.57,1060.6,769.1,726.96,912.81,924.99,964.97,1087.3,753.15,653.25
1.1486,940.68,965.13,908.64,1041.7,732.23,731.94,972.15,956.44,938.81,1044,692.02,657.98
2.0395,896.61,892.79,857.98,973.04,758.49,679.62,924.47,872.16,890.69,974.64,697.12,611.99
2.2669,962.05,923.65,909.44,1017.5,742.63,672.18,984.85,914.99,955.48,1036.4,725.13,607.77
1.7766,923.55,979.38,890.31,1008.2,727.49,661.02,965.98,988.87,948.88,1047.4,709.81,646.33
1.7334,905.64,932.82,944.04,1021.3,775.76,684.58,932.06,947.84,987.77,1041,727.45,617.35
1.12,931.63,934.91,932.1,1067,765.45,721,965.97,941.85,965.17,1069.5,730.11,656.67
1.7861,945.68,952.57,931.94,1039.4,748.4,678.93,969.08,935.91,969.43,1039.5,721.5,633.37
1.544,907.69,972.34,886.41,939.13,720.29,649.21,893.38,935.1,926.49,917.57,714.65,607.32
1.9566,899.59,917.92,888.99,1029.2,754.25,709.42,942.49,921.93,907.25,1027.2,717.24,644.58
2.0266,962.47,944.56,922.52,1045.3,762.1,702.08,1005.2,944.33,953.08,1059.1,723.99,654.16
1.9337,900.99,920.76,923.64,1013.8,765.11,648.1,961.53,913.76,976.8,1020.4,724.53,596.37
1.6791,931.18,954.27,951.96,1051.8,746.71,708.15,960.21,945.66,989.05,1062.9,723.39,667.58
1.8683,938.1,966.95,897.62,1056,782.28,709.36,943.94,961.25,939.3,1057.7,761.92,651.37
1.6485,938.49,957.76,943.12,1068,743.17,720.8,964.93,974.33,975.44,1072.1,715.22,655.75
1.5666,878.39,930.6,884.15,992.78,763.43,726.21,933.91,908.76,933.21,1019.1,746.2,656.15
1.5851,894.76,922.69,885.52,979.7,741.85,669.47,898.98,910.02,948.84,1001.2,730.78,620.18
1.9228,960.03,941.93,910.79,992.5,744.6,627.28,987.29,929.59,959.87,949.48,716.42,559.19
1.88,932.67,942.36,859.36,1014.5,710.9,659.34,981.06,946.74,924.14,1052.5,704.21,618.75
2.0532,927.77,895.81,897.71,979.51,751.35,671.08,947.49,891.42,926.14,974.57,716.9,618.21
2.0043,891.58,912.35,910.88,996.33,741.13,673.29,940.06,928.92,948.31,1027.3,713.77,606.35
1.9385,882.66,925.6,888.36,966.44,704.27,637.73,906.5,913.95,925.63,982.18,684.05,588.38
1.3198,902.06,990.6,876.9,1055.2,762.83,710.33,950.43,996.51,942.86,1066.6,715.62,665.68
1.5242,935.56,928.27,933.19,1063.7,766.61,696.31,983.89,955.27,979.93,1066.6,737.2,640.89
0.7649,929.42,979.89,935.68,1047.5,791.54,720.83,943.53,983.59,989.97,1035.8,760.5,655.38
2.0933,896.21,954.21,922.06,1035.3,749.61,679.84,955.24,949.8,972.14,1055.4,737.51,637.26
1.2611,935.01,976.08,912.46,1065.6,753.56,745.55,991.13,985.1,943.66,1087,718.7,689.77
1.7453,916.32,911.89,934.17,1006.3,767.04,663.58,947.32,922.19,981.62,1039.7,711.69,623.13
1.0909,955.6,906.97,958.34,982.51,770.54,657.24,995.6,895.2,997.5,1008.6,741.36,600.13
1.5237,893.89,946.62,955.28,988.41,790.19,677.97,946.79,912.75,1021.5,1043.4,743.16,616.17
1.9206,936.55,970.5,928.97,1036.8,744.97,714.52,983.85,950.46,972.24,1050.2,711.33,638.73
0.60347,947.11,968.87,934.54,1068.5,794.97,697.87,998.3,980.59,975.8,1076.1,751.41,636.31
1.3125,914.2,941.95,942.5,1084.1,757.56,724.62,957.42,954.82,968.83,1086,723.67,652.44
1.917,907.25,950.6,888.37,975.31,735.02,659.22,964.82,930.1,952.37,1010.6,729.68,609.42
1.897,907.73,941.75,925.63,1032.7,761.42,697.78,942.41,925.22,965.59,1053.1,736.65,655.85
1.9213,881.32,879.55,871.83,944.13,713.89,676.57,870.51,869.72,910.29,965.12,691.16,618.17
0.95109,856.75,976.36,916.34,1043.8,783.91,686.04,904.72,967.42,960.46,1043,762.08,635.23
0.99077,983.74,890.84,964.25,1034.1,777.32,699.11,1005.9,886.18,978.65,1039.8,695.13,617.16
1.3701,889.46,939.09,864.71,1036.9,728.43,683.5,951.04,947.09,944.14,1010.5,712.29,611.77
1.5749,943.26,943.69,936.33,1001.3,756.21,680.17,987.93,933.34,981.55,1039,717.02,626.15
1.4948,951.22,944.56,899.76,1018.5,755.12,688.09,974.22,958.41,939.89,1053.5,727.28,634.81
0.97559,869.94,1017.2,876.41,1121.8,778.8,733.53,927.52,1034.1,922.59,1135.6,729.64,665
1.3673,932,964.26,919.53,1036.1,730.9,674.84,976.33,968.72,963.89,1061.5,709.5,632.43
1.8205,938.28,940.48,944.39,1004.3,727.42,657.51,961.94,927.42,975.9,1013,694.33,624.35
1.0203,952,945.25,942.48,1075.8,784.95,722.51,976.78,942.47,982.23,1080.2,746.7,666.73
1.7187,909.28,921.87,915.86,1060.6,764.23,717.17,965.98,939.16,963.6,1072.6,729.26,662.94
0.63029,911.56,977.47,922.36,1047.6,742.59,729.85,967.99,965.59,953.83,1041.6,712.42,677.37
1.9335,916.02,900.66,879.08,1004.1,731.07,668.06,945.25,882.95,919.85,1030.3,709.43,618.91
1.3614,930.07,978.48,904.66,1074.1,759.5,690.91,954.01,939.21,933.8,1047.5,712.22,621.44
1.216,902.66,904.75,941.36,967.9,747.13,646.15,945.86,896.14,1000.1,977.27,711.74,596.74
1.5649,954.59,954.47,885.33,975.56,739.56,666.31,1016.2,957.09,912.17,976.07,698.92,597.26
2.019,858.97,904.95,852.24,934.95,738.06,643.35,906.72,906.96,883.41,980.59,720.96,591.86
1.9972,871.59,933.05,912.39,1058.4,746.77,718.1,930.45,937.45,955.54,1068.4,709.72,647.16
1.4846,928.4,950.12,890.45,1021.7,755.87,705.04,965.75,943.91,940.07,1043.6,734.47,654.23
1.9567,890.87,948.16,903.01,991.71,766.41,662.23,940.34,924.58,981.72,1018.7,749,580.75
1.5418,913.57,940.08,900.84,1049.1,780.59,719.08,947.94,947.34,946.91,1058.1,770.36,663.72
1.7876,918.18,969.81,887.49,989.53,725.33,644.08,936.59,958.08,906.08,1000.3,703.43,612
2.2624,896.44,929.79,835.39,999.77,727.35,687.98,971.32,927.31,930.83,1057.5,736.55,651.56
1.187,911.05,959.39,951.92,1034.1,758.6,715,958.12,954.15,983.27,1043.9,733.78,659.17
1.6222,938.24,929.25,934.61,1032.6,752.58,686.9,978.33,941.77,972.03,1061.3,719.92,667.47
2.3352,899.94,948.97,900.04,1039.7,735.34,709.28,961.75,952.28,928.74,1054.2,708.13,652.53
1.6287,912.07,947.7,937.11,1065.8,757.52,702.94,959.45,946.2,975.74,1093.2,719.15,645.85
2.2029,931.86,945.75,894.12,988.62,756.28,677,948.07,935.76,919.86,982.44,693.32,612.09
1.7867,949.13,950.21,953.85,1063.9,782.7,712.32,977.41,951.97,987.12,1067.2,733.94,643.97
1.4236,933.18,969.34,930.98,1052.2,748.53,729.72,966.96,952.26,966.42,1054.2,734.18,671.86
1.0703,907.32,950.62,896.23,1011.3,760.2,676.02,959.6,960.68,944.31,1038.2,732.55,666.84
1.3188,908.23,934.11,915.12,1016,713.49,678.97,924.69,942.57,935.41,1035.6,677.87,622.22
0.95594,847.27,932.77,936.9,1022.6,784.38,684.36,983.43,955.94,1012.8,1054.1,739.61,601.33
1.2166,910.73,946.18,929.86,1038.9,763.04,704.59,959.25,955.4,973.45,1047.6,741.3,638.33
1.9405,951,939.36,936.08,954.36,772.31,629.94,999.17,915.93,985.32,975.05,732.18,606.82
1.7344,916.72,922.05,906.06,1063.1,739.91,712.45,969.14,928.05,964.91,1082.2,718.34,649.08
1.4602,903.15,969.83,941.58,1047.8,739.52,705.39,920.99,949.59,974.46,1054.8,705.21,644.06
1.474,901.18,959.73,877.44,1023.1,730.27,689.79,952.19,930.16,960.11,1011.1,721.71,628.02
1.3316,911.66,970.19,944.46,1050.8,746.63,703.79,953.12,985.07,980.44,1058.9,729.4,657.78
1.5305,909.72,940.84,946.95,1052.1,768.71,684.23,953.9,934.75,989.25,1059.4,730.79,626
1.5216,948.21,930.67,953.46,1014.6,759.83,678.48,1002.7,935.12,996.27,1053.9,734.21,616.21
1.6068,920.43,923.93,922.05,1042.1,778.84,692.19,953.59,916.66,972,1032,758.97,638.02
1.8641,896.26,950.1,906.43,1044.6,740.64,709.74,940.61,950.52,950.91,1058.3,722.55,635.68
2.0203,890.71,911.95,910.3,1015.4,741.56,660.35,933.92,887.04,954.38,1038,716.88,615.43
1.8664,901.81,943.53,865.52,1018.2,727.79,687.32,951.11,947.45,924.97,1032.6,710.93,645.54
1.7249,876.23,948.07,882.14,964.63,721.14,637.95,861,922.65,913.07,979.17,686.14,599.44
1.1278,929.29,940.92,936.42,1028.8,757.25,709.61,969.15,938.18,968.13,1045.9,722.97,658.88
0.74361,918.59,978.77,918.67,1040.1,759.8,704.36,963.68,972.48,964.97,1041.9,742.21,636.19
2.0009,926.56,984.32,878.96,1036,720.69,637.55,977.64,972.15,937.75,1028.4,711.94,598.05
1.4579,922.16,972.9,914.13,1078.7,782.26,733.06,974.48,958.25,954.82,1101.5,755.09,671.5
1.8158,912.61,930.05,893.79,994.7,745.87,673.59,953.95,934.79,948.55,1024.8,739.62,651.12
0.90051,918.75,985.6,920.36,1045.7,749.6,717.91,967.03,966.04,955.11,1068.6,733.47,668.29
1.572,956.06,921.28,948.13,1014.9,793.48,714.89,966.96,919.79,982.57,1028.2,756.26,650.92
1.6142,911.17,930.78,902.46,997.42,740.6,662.64,911.74,916.08,962.13,1000.9,723.13,606.99
1.8483,907.68,921.34,889.1,955.92,720.73,627.78,943.42,913.32,921.99,964.58,694.49,573.97
1.7985,927.97,937.48,937.87,1036.7,770.95,728.23,973.39,929.16,977.5,1053.4,704.7,655.85
1.6161,947.52,950.67,915.72,1055.8,764.75,698.19,975.46,949.74,957.96,1060.5,744.56,644.23
2.0113,941.57,946.14,881.88,1014.8,716.77,679.9,970.7,938.08,928.61,1036,698.78,623.75
2.8756,905.79,897.96,857.72,977.99,744.08,681.19,927.81,871.94,893.47,1000,727.97,629.99
1.6043,921.17,963.36,913.73,1070.7,758.79,693.91,980.1,940.76,961.31,1060.1,728.48,614.83
2.035,935.88,962.42,942.83,1071.8,752.74,709.91,986.22,977.76,965.77,1074.9,709.27,636.68
1.586,918.99,959.94,930.82,1061.1,764.33,690.5,964.34,946.08,952.97,1066.2,724.8,639.98
1.9847,936.34,945.85,906.53,1027.8,732.62,695.87,964.65,963.26,947.5,1045.8,716.73,644.49
0.70255,940.24,971,917.26,1048.8,751.51,727.71,978.34,975.61,945.94,1066.7,707.4,655.94
2.0227,895.74,959.77,912.87,1048.9,762.01,682.58,948.46,965.89,968.91,1063.8,749.6,619.95
1.956,882.12,932.5,918.48,1029.1,782.52,712.44,926.62,930.13,940.12,1038.2,734.01,655.46
1.4121,914.17,864.02,829.78,983.32,708.91,670.55,952.74,891.29,896.15,990.37,699.91,622.53
1.8844,953.87,954.11,914.43,1000.7,754.36,695.42,980.02,928.3,963.99,1004.1,716.21,634.94
1.1792,949.85,922.09,904.14,1023.7,746.92,670.95,978.29,894.14,946.16,1024.3,711.08,613.95
1.8326,878.27,938.81,924.41,1060.4,745.43,711.08,936.88,932.55,977.39,1075.3,724.38,652.35
2.2163,881.34,948.75,871.54,987.76,735.74,663.48,921.26,929.83,929.74,985.99,702.81,625.94
2.323,951.42,972.64,942.2,1034.1,748.87,676.26,1001.4,957.45,988.88,1051.2,734.44,622.83
2.0495,953.96,941.05,927.58,1070.8,754.12,713.9,980.85,944.07,955.29,1073.2,722.85,652.84
1.6072,928.54,944.27,924.37,1061.3,781.38,716.65,972.71,941.94,964.92,1062.5,767.19,638.43
1.4027,951.36,921.14,939.74,977.63,761.73,638.37,975.13,890,979.82,981.59,734.9,608.69
1.3087,926.17,934.93,915.16,1063.9,764.25,700.31,967.63,930.76,939.75,1072.6,731.12,658.14
1.6756,906.77,943.68,923.71,1039.9,737.2,696.01,953.74,946.81,956.79,1051.4,716.23,637.82
1.0554,957.14,942.36,937.07,1087,763.75,715.8,990.5,947.03,977.86,1090.4,737.56,646.87
2.2115,923.91,955.25,918.49,1070.4,736.36,712.05,971.96,947.48,940.91,1060,707.09,646.98
2.1944,919.49,946.69,926.45,1046.4,775.45,705.39,947.33,947.09,975.14,1050.5,745.87,654.73
1.2815,918.09,942.14,840.09,966.15,681.75,633.99,942.03,951.49,849.75,968.73,663.6,595.34
1.6009,918.83,947.5,888.85,1005.6,739.55,696.21,964.88,918.61,933.36,1030.8,717.95,626.82
1.155,924.35,908.84,958.13,1010.4,778.2,683.66,942.4,909.74,998.23,1026.1,754.74,644.32
1.7249,938.93,945.95,906.42,1034.1,762.98,674.55,972.41,946.34,930.33,1038.4,734.87,612.99
2.0544,919.88,953.7,932.86,1049.7,733.21,725.07,972.05,952.97,975.02,1047.9,692.98,671.23
2.1314,851.41,895.58,872.45,967.45,737.21,646.8,909.81,891.05,950.33,977.44,721.28,611.19
2.5575,884.34,904.75,907.04,959.68,716.31,687.05,806.14,870.63,891.46,953.93,690.55,594.15
1.1533,948.13,949.29,937.56,1069.6,759.53,716.12,995.59,943.83,985.58,1063.8,724.74,642.26
2.2237,933.86,933.57,928.13,1052.9,765.65,709.76,974.63,929.08,972.65,1074.9,747.11,663.72
1.8224,900.93,957.13,923.99,1078.1,727.64,714.68,966.22,968.53,949.06,1097.4,697.34,659.95
1.7521,894.02,932.05,921.48,995.24,736.96,656.66,908.84,904.5,946.47,980,691.36,601.3
1.5524,905.07,928.14,911.98,1013.5,744.58,660.83,945.99,929.01,943.45,1009.9,706.54,609.48
1.8968,970.5,950.08,924.01,1078,773.41,707.85,1012.8,931.98,943.2,1081.4,749.79,660.15
0.84731,932.02,938.72,957,1053.2,749.93,731.14,972.23,935.43,973.03,1060.3,702.96,665.52
2.0031,907.11,957.74,953.5,1066.8,772.42,704.97,956.06,938.08,993.06,1070.7,722.67,644.1
1.5667,922.32,949.29,963.47,1080.4,760.17,703.86,957.24,925.73,1003.1,1080.7,739.9,647.31
1.7927,936.36,957.92,941.17,1071.2,757.37,713.63,992.08,969.37,988.6,1092.3,712.79,653.15
1.3667,906.92,962.88,927.37,1040.2,741.65,707.39,947.76,936.17,964.18,1037.3,723.36,642.24
1.8403,921.2,946.55,919.23,1046.7,756.12,705.92,959.55,948.53,954.68,1060,727.75,655.26
1.3914,934.75,971.26,934.22,1051.9,760.95,698.37,983.7,962.52,977.21,1071.2,720.14,622.11
1.302,951.13,943.97,907.11,1044.9,744.92,722.73,992.41,958.69,933.36,1056.1,717.74,664
1.7589,938.04,940.36,931.53,1094.7,757.71,736.45,974.04,912.25,961.85,1088.8,724.54,650.19
2.1882,918.43,960.18,932.87,1080.2,768.96,720.64,960.08,935.1,954.45,1086.4,726.13,651.34
